8081 

2205 

5194 

5447 

8162 

2605 

4425 

2540 

495 

7887 

7887 

4059 

6420 

9002 

7996 

3274 

8643 

7463 

5089 

631 

4783 

1737 

1528 

4078 

5561 

6159 

9355 

2888 

3891 

3015 

1137 

3000 

7387 

9828 

5541 

631 

1847 

4324 

1485 

9703 

5561 

3237 

6413 

563 

8047 

4147 

8047 

2546 

5094 

552 

3033 

456 

5429 

2199 

8643 

2205 

8878 

2433 

7996 

5356 

2451 

694 

5466 

9106 

3300 

9828 

3133 

7202 

1137 

3237 

3721 

9703 

5089 

9718 

8287 

552 

1577 

7463 

7189 

6420 

5746 

5746 

5429 

3133 

9106 

7940 

8266 

7387 

3891 

2002 

2540 

9336 

2546 

8623 

6831 

456 

8705 

9843 

8623 

5356 

9107 

9241 

4376 

156 

8510 

2888 

4425 

8081 

2199 

3721 

59 

9355 

1563 

7940 

4728 

3274 

4728 

1353 

8287 

1318 

3015 

3000 

1528 

2888 

1353 

4147 

5194 

156 

9107 

8510 

2451 

8705 

2790 

1211 

1598 

6258 

1737 

9843 

9002 

2605 

694 

3090 

1598 

3300 

8511 

4059 

4078 

953 

4783 

3090 

1847 

5026 

7189 

4376 

1957 

2790 

495 

4538 

5026 

8266 

2433 

5541 

953 

2888 

2002 

8162 

4324 

7202 

1211 

563 

1563 

6258 

4538 

6413 

6503 

5094 

9947 

1445 

9241 

2081 

1957 

6831 

5447 

9718 

967425 

59 

3033 

8878 

5466 

1485 

8511 

9336 

1577 

9947 

2081 

1445 

6159 

6503 

408 

408 

