888888888
8081 

5447 

1563 

7996 

2205 

1485 

4425 

2540 

5026 

4728 

1957 

4147 

1957 

5466 

7189 

3274 

631 

9718 

7996 

7463 

3721 

2790 

1528 

5746 

2605 

3090 

3015 

2888 

953 

3015 

456 

8510 

7387 

2546 

2790 

4783 

8643 

5466 

1485 

6503 

5356 

8510 

3721 

563 

5561 

4147 

8878 

8047 

6413 

552 

3300 

3237 

2205 

2199 

3237 

694 

5561 

9107 

9703 

1577 

2451 

1353 

9241 

8643 

8266 

9828 

6420 

7202 

8047 

9106 

8511 

8511 

8287 

9718 

7887 

3300 

1577 

5429 

495 

6420 

8623 

552 

9355 

3133 

495 

4538 

9002 

8878 

3891 

2002 

2433 

9336 

2546 

563 

1353 

6831 

8705 

9843 

6413 

9828 

6831 

5356 

9703 

1137 

9947 

2081 

4425 

6159 

2433 

6258 

7940 

694 

1211 

4059 

4728 

3274 

8287 

2888 

2002 

5429 

1737 

5194 

3891 

9241 

7387 

1598 

5089 

59 

7887 

3033 

5541 

5746 

5447 

8081 

9107 

8705 

1737 

9843 

4376 

1318 

2888 

4078 

456 

7463 

4376 

6159 

4078 

5541 

1211 

8623 

4059 

2605 

7189 

156 

631 

1847 

1137 

4538 

953 

1528 

3133 

9947 

4324 

1318 

5026 

5089 

1847 

7202 

8266 

6503 

1563 

3000 

0 

156 

408 

5094 

2888 

1445 

1598 

9002 

8162 

9106 

3000 

9355 

8162 

59 

3033 

5194 

4324 

4783 

5094 

9336 

2451 

1445 

2540 

408 

3090 

2199 

6258 

2081 

